[3.25288523 3.21457117 3.0287894  3.00468146]
[0.16610748 0.20950687 0.         0.30529118]
[0.         0.16493121 0.07451925 0.09423365]
[0.         0.23772631 0.         0.13465701]
[0. 0. 0. 0.]
[0. 0. 0. 0.]
[0.16154089 0.         0.         0.        ]
[0.         0.         0.         0.35094113]
[0. 0. 0. 0.]
[0. 0. 0. 0.]
[0.         0.         0.33339345 0.24327359]
[0. 0. 0. 0.]
[0. 0. 0. 0.]
[0.         0.         0.         0.35722723]
[0. 0. 0. 0.]
[0. 0. 0. 0.]
[0.         0.         0.         0.37065307]
[0.         0.         0.26378639 0.26998013]
