0.9530605229409089
0.9560635230239583
0.9520196418603055
0.9528385640839527
0.9552432787112021
0.9523575373113884
0.9540697899401783
0.9536648230727895
0.9554238039496218
0.9539117698804794
0.9352540815742236
0.9300675522255378
0.9327532924050742
0.9204503467051355
0.8865923097889172
0.863141737330838
0.8430535262352677
0.814689137514805
0.7938984423473592
0.7451925459864752
0.9451417652239887
0.9480502672010827
0.9456771048166296
0.9480114517879349
0.953849516392309
0.9470161741578667
0.955037274609564
0.9451323084489264
0.9527298141687837
0.9531883181910652
0.9549148248122411
0.9460935551864489
0.9468280459802654
0.947305677056365
0.9523471078235859
0.9507004697514742
0.9512959603305993
0.952077755967199
0.9513742266590376
0.9545661429613336
0.946937864247107
0.9530477620431651
0.9527570598228285
0.9475092975606765
0.9483607755886385
0.9511738349682849
0.947656603582049
0.950962513529443
0.9479573857126249
0.9491081325532599
0.9551431808393763
0.9493610640624459
0.9506364082126195
0.9539161746861081
0.9555750070993385
0.9512737703537645
0.9507308621107878
0.9531075638744619
0.9491457059453549
0.9515051214397939
0.9520890472068259
0.9546206340263348
0.9503249847571861
0.9441947658274211
0.9459979123670071
0.9487616758071692
0.9469667632792296
0.9445014576797333
0.9479391514486545
0.9484281996176707
0.9494209750530537
0.9535473920952834
0.9561608501321726
0.9469137161627317
0.949207742912969
0.9465471458479063
0.947322040228083
0.9519959291796826
0.9478090512981002
0.951996116535148
0.944407462505307
0.9513118062306337
0.9535457490884424
0.9455789619724905
0.9489593958448415
0.9507124847606292
0.9521486784199139
0.947772161880744
0.9506693098464005
0.9518832500153245
0.9502408039305168
0.9498471058446242
0.9467824782296849
0.9474847114763776
0.9538210997456024
0.9521708704186104
0.950604390009188
0.944088406028045
0.9477506238987579
0.94854547029558
0.9439600446699965
0.9512032119128113
0.9478824468616305
0.9504797014651459
0.9508315207457646
0.9500426017828891
0.9519619194208653
0.9472960041529007
0.951337792101881
0.9530240965196912
0.95429253652698
0.9473555992494503
0.9485954025223159
0.9493943182793638
0.9496627903347888
0.9494200568105837
0.9491077118648347
0.9526831398837272
0.9517462341178902
0.9530336221116616
