0.9530605229409089
0.9560635230239583
0.9520196418603055
0.9528385640839527
0.9552432787112021
0.9523575373113884
0.9540697899401783
0.9536648230727895
0.9554238039496218
0.9539117698804794
0.9352540815742236
0.9300675522255378
0.9327532924050742
0.9204503467051355
0.8865923097889172
0.863141737330838
0.8430535262352677
0.814689137514805
0.7938984423473592
0.7451925459864752
0.9451417652239887
0.9480502672010827
0.9456771048166296
0.9480114517879349
0.953849516392309
0.9470161741578667
0.955037274609564
0.9451323084489264
0.9527298141687837
0.9531883181910652
